28085.82824748351
