181761.48765231183
