36553.65662357547
